 0.000000  1.000000  0.000000  0.000000 
 0.705882  0.000000  0.000000  0.294118 
 0.000000  0.000000  0.294118  0.705882 
 0.000000  0.000000  0.000000  1.000000 
 0.000000  0.000000  0.000000  1.000000 
 0.000000  1.000000  0.000000  0.000000 
 0.000000  0.470588  0.000000  0.529412 
 1.000000  0.000000  0.000000  0.000000 
 0.294118  0.000000  0.705882  0.000000 
 1.000000  0.000000  0.000000  0.000000 
 0.000000  0.000000  0.000000  1.000000 
 0.000000  0.000000  0.000000  1.000000 
 0.294118  0.647059  0.000000  0.058824 
 0.294118  0.000000  0.000000  0.705882 
 0.470588  0.000000  0.000000  0.529412 
 1.000000  0.000000  0.000000  0.000000 
 0.000000  0.000000  0.000000  1.000000 
 0.000000  0.000000  0.705882  0.294118 
 0.000000  0.000000  0.294118  0.705882 
 0.000000  0.000000  1.000000  0.000000 
 0.176471  0.529412  0.000000  0.294118 
 0.000000  0.000000  0.000000  1.000000 
 0.176471  0.000000  0.000000  0.823529 
 0.000000  0.529412  0.000000  0.470588 
 0.294118  0.000000  0.000000  0.705882 
 0.823529  0.000000  0.176471  0.000000 
 0.000000  0.294118  0.705882  0.000000 
 0.000000  0.470588  0.000000  0.529412 
 0.000000  0.705882  0.000000  0.294118 
 0.000000  0.000000  0.000000  1.000000 
 0.000000  0.705882  0.000000  0.294118 
 0.000000  0.705882  0.000000  0.294118 
 1.000000  0.000000  0.000000  0.000000 
 1.000000  0.000000  0.000000  0.000000 
 0.529412  0.000000  0.176471  0.294118 
 0.294118  0.000000  0.176471  0.529412 
 0.000000  0.000000  1.000000  0.000000 
 0.117647  0.000000  0.294118  0.588235 
 0.000000  0.000000  0.705882  0.294118 
 0.000000  0.000000  0.529412  0.470588 
 0.000000  0.000000  0.000000  1.000000 
 0.294118  0.294118  0.000000  0.411765 
 0.000000  0.000000  0.705882  0.294118 
 1.000000  0.000000  0.000000  0.000000 
 0.000000  0.294118  0.000000  0.705882 
 1.000000  0.000000  0.000000  0.000000 
 0.470588  0.000000  0.529412  0.000000 
 0.000000  0.000000  0.000000  1.000000 
 0.294118  0.000000  0.000000  0.705882 
 1.000000  0.000000  0.000000  0.000000 