letter-probability matrix: alength= 4 w= 50 nsites= 15 E= 8.8e-106 
 0.400000  0.333333  0.266667  0.000000 
 0.000000  0.000000  0.266667  0.733333 
 0.600000  0.000000  0.000000  0.400000 
 0.000000  0.000000  0.400000  0.600000 
 0.400000  0.333333  0.266667  0.000000 
 0.000000  0.733333  0.266667  0.000000 
 0.733333  0.000000  0.000000  0.266667 
 0.000000  0.000000  0.266667  0.733333 
 0.000000  0.333333  0.000000  0.666667 
 0.000000  0.000000  0.000000  1.000000 
 0.666667  0.333333  0.000000  0.000000 
 0.000000  0.266667  0.000000  0.733333 
 0.000000  1.000000  0.000000  0.000000 
 0.000000  0.266667  0.000000  0.733333 
 0.000000  1.000000  0.000000  0.000000 
 0.133333  0.266667  0.266667  0.333333 
 0.733333  0.000000  0.266667  0.000000 
 0.000000  0.000000  0.000000  1.000000 
 0.400000  0.600000  0.000000  0.000000 
 0.266667  0.000000  0.000000  0.733333 
 0.733333  0.000000  0.266667  0.000000 
 0.000000  0.000000  0.266667  0.733333 
 0.333333  0.266667  0.000000  0.400000 
 0.000000  0.000000  0.000000  1.000000 
 0.333333  0.266667  0.000000  0.400000 
 0.000000  0.000000  0.000000  1.000000 
 0.266667  0.000000  0.733333  0.000000 
 0.400000  0.000000  0.000000  0.600000 
 0.733333  0.000000  0.000000  0.266667 
 0.333333  0.666667  0.000000  0.000000 
 0.000000  0.000000  0.000000  1.000000 
 1.000000  0.000000  0.000000  0.000000 
 0.600000  0.000000  0.000000  0.400000 
 0.000000  0.000000  0.666667  0.333333 
 0.000000  0.000000  0.333333  0.666667 
 0.000000  0.333333  0.000000  0.666667 
 0.600000  0.400000  0.000000  0.000000 
 0.666667  0.000000  0.333333  0.000000 
 0.000000  0.000000  0.000000  1.000000 
 0.333333  0.666667  0.000000  0.000000 
 0.733333  0.000000  0.000000  0.266667 
 0.133333  0.000000  0.333333  0.533333 
 1.000000  0.000000  0.000000  0.000000 
 0.266667  0.333333  0.000000  0.400000 
 0.400000  0.000000  0.600000  0.000000 
 0.733333  0.000000  0.266667  0.000000 
 0.666667  0.333333  0.000000  0.000000 
 0.600000  0.000000  0.000000  0.400000 
 0.666667  0.333333  0.000000  0.000000 
 1.000000  0.000000  0.000000  0.000000 